Pallet: "balances", Extrinsic: "transfer", Lowest values: [], Highest values: [], Steps: [], Repeat: 1
u,e,extrinsic_time,storage_root_time,db_reads,db_writes
1,1000,104165000,12655000,27,274725
100,1000,115592000,14191000,25,137377
199,1000,96047000,11247000,25,137377
298,1000,104272000,14882000,25,137380
397,1000,92839000,10265000,25,137378
496,1000,88322000,10793000,25,137378
595,1000,85773000,10263000,25,137377
694,1000,90520000,10184000,25,137377
793,1000,99412000,11156000,25,137378
892,1000,88433000,10098000,25,137378
991,1000,96382000,14169000,25,137377
1000,2,105869000,10372000,25,137377
1000,101,86560000,10402000,25,137377
1000,200,81409000,9823000,25,137377
1000,299,96700000,12406000,25,137377
1000,398,94856000,12726000,25,137377
1000,497,83341000,10652000,25,137377
1000,596,85002000,11403000,25,137377
1000,695,106138000,12229000,25,137377
1000,794,95575000,11942000,25,137377
1000,893,91625000,9575000,25,137377
1000,992,100535000,12183000,25,137377

Median Slopes Analysis
========

Model:
Time ~=    95680
    + u        0
    + e    6.395
              µs

Min Squares Analysis
========

Data points distribution:
    u     e   mean µs  sigma µs       %
    1  1000    104100         0    0.0%
  100  1000    115500         0    0.0%
  199  1000     96040         0    0.0%
  298  1000    104200         0    0.0%
  397  1000     92830         0    0.0%
  496  1000     88320         0    0.0%
  595  1000     85770         0    0.0%
  694  1000     90520         0    0.0%
  793  1000     99410         0    0.0%
  892  1000     88430         0    0.0%
  991  1000     96380         0    0.0%
 1000     2    105800         0    0.0%
 1000   101     86560         0    0.0%
 1000   200     81400         0    0.0%
 1000   299     96700         0    0.0%
 1000   398     94850         0    0.0%
 1000   497     83340         0    0.0%
 1000   596     85000         0    0.0%
 1000   695    106100         0    0.0%
 1000   794     95570         0    0.0%
 1000   893     91620         0    0.0%
 1000   992    100500         0    0.0%

Quality and confidence:
param     error
u         6.431
e         6.438

Model:
Time ~=   103600
    + u        0
    + e        0
              µs

