Pallet: "balances", Extrinsic: "transfer", Lowest values: [], Highest values: [], Steps: [], Repeat: 1
u,e,extrinsic_time,storage_root_time,db_reads,db_writes
1,1000,2308000,1804000,27,179
100,1000,2143000,1829000,25,102
199,1000,2131000,1837000,25,103
298,1000,2139000,1808000,25,100
397,1000,2916000,2029000,25,100
496,1000,337000,89000,25,103
595,1000,2284000,1775000,25,100
694,1000,370000,79000,25,100
793,1000,537000,80000,25,100
892,1000,2102000,1813000,25,103
991,1000,2139000,1835000,25,103
1000,2,2167000,1775000,25,103
1000,101,2290000,1884000,25,103
1000,200,2399000,1966000,25,103
1000,299,2297000,1842000,25,103
1000,398,2336000,1801000,25,103
1000,497,2121000,1780000,25,103
1000,596,2149000,1830000,25,103
1000,695,2365000,1842000,25,103
1000,794,2128000,1787000,25,103
1000,893,2364000,1878000,25,103
1000,992,2102000,1858000,25,103

Median Slopes Analysis
========

Model:
Time ~=     2225
    + u        0
    + e        0
              µs

Min Squares Analysis
========

Data points distribution:
    u     e   mean µs  sigma µs       %
    1  1000      2308         0    0.0%
  100  1000      2143         0    0.0%
  199  1000      2131         0    0.0%
  298  1000      2139         0    0.0%
  397  1000      2916         0    0.0%
  496  1000       337         0    0.0%
  595  1000      2284         0    0.0%
  694  1000       370         0    0.0%
  793  1000       537         0    0.0%
  892  1000      2102         0    0.0%
  991  1000      2139         0    0.0%
 1000     2      2167         0    0.0%
 1000   101      2290         0    0.0%
 1000   200      2399         0    0.0%
 1000   299      2297         0    0.0%
 1000   398      2336         0    0.0%
 1000   497      2121         0    0.0%
 1000   596      2149         0    0.0%
 1000   695      2365         0    0.0%
 1000   794      2128         0    0.0%
 1000   893      2364         0    0.0%
 1000   992      2102         0    0.0%

Quality and confidence:
param     error
u         0.515
e         0.516

Model:
Time ~=     2750
    + u        0
    + e        0
              µs

