Pallet: "balances", Extrinsic: "transfer", Lowest values: [], Highest values: [], Steps: [], Repeat: 1
u,e,extrinsic_time,storage_root_time,db_reads,db_writes
1,1000,87211000,10889000,27,274851
100,1000,91381000,9094000,25,137441
199,1000,82647000,9893000,25,137442
298,1000,88438000,10264000,25,137442
397,1000,94676000,15971000,25,137442
496,1000,87342000,10298000,25,137441
595,1000,81480000,10761000,25,137439
694,1000,89172000,10438000,25,137441
793,1000,79209000,9574000,25,137442
892,1000,81351000,9113000,25,137444
991,1000,88963000,9674000,25,137441
1000,2,95431000,12955000,25,137439
1000,101,86887000,10098000,25,137439
1000,200,88538000,13326000,25,137439
1000,299,90925000,10017000,25,137439
1000,398,90316000,10580000,25,137439
1000,497,83578000,9346000,25,137439
1000,596,101504000,11468000,25,137439
1000,695,92992000,10920000,25,137439
1000,794,83337000,9368000,25,137439
1000,893,91248000,12176000,25,137439
1000,992,87140000,10292000,25,137439

Median Slopes Analysis
========

Model:
Time ~=    92700
    + u        0
    + e        0
              µs

Min Squares Analysis
========

Data points distribution:
    u     e   mean µs  sigma µs       %
    1  1000     87210         0    0.0%
  100  1000     91380         0    0.0%
  199  1000     82640         0    0.0%
  298  1000     88430         0    0.0%
  397  1000     94670         0    0.0%
  496  1000     87340         0    0.0%
  595  1000     81480         0    0.0%
  694  1000     89170         0    0.0%
  793  1000     79200         0    0.0%
  892  1000     81350         0    0.0%
  991  1000     88960         0    0.0%
 1000     2     95430         0    0.0%
 1000   101     86880         0    0.0%
 1000   200     88530         0    0.0%
 1000   299     90920         0    0.0%
 1000   398     90310         0    0.0%
 1000   497     83570         0    0.0%
 1000   596    101500         0    0.0%
 1000   695     92990         0    0.0%
 1000   794     83330         0    0.0%
 1000   893     91240         0    0.0%
 1000   992     87140         0    0.0%

Quality and confidence:
param     error
u         4.003
e         4.007

Model:
Time ~=    93680
    + u        0
    + e        0
              µs

