Pallet: "balances", Extrinsic: "transfer", Lowest values: [], Highest values: [], Steps: [], Repeat: 1
u,e,extrinsic_time,storage_root_time,db_reads,db_writes
1,1000,727000,190000,27,256938
100,1000,661000,140000,25,128483
199,1000,638000,131000,25,128481
298,1000,469000,163000,25,128481
397,1000,462000,162000,25,128484
496,1000,639000,147000,25,128485
595,1000,497000,152000,25,128484
694,1000,623000,143000,25,128485
793,1000,556000,169000,25,128484
892,1000,707000,178000,25,128484
991,1000,460000,161000,25,128481
1000,2,647000,135000,25,128481
1000,101,621000,160000,25,128481
1000,200,659000,133000,25,128481
1000,299,535000,162000,25,128481
1000,398,653000,133000,25,128481
1000,497,597000,129000,25,128481
1000,596,732000,142000,25,128481
1000,695,621000,137000,25,128481
1000,794,456000,156000,25,128481
1000,893,588000,129000,25,128481
1000,992,679000,133000,25,128481

Median Slopes Analysis
========

Model:
Time ~=    686.8
    + u        0
    + e        0
              µs

Min Squares Analysis
========

Data points distribution:
    u     e   mean µs  sigma µs       %
    1  1000       727         0    0.0%
  100  1000       661         0    0.0%
  199  1000       638         0    0.0%
  298  1000       469         0    0.0%
  397  1000       462         0    0.0%
  496  1000       639         0    0.0%
  595  1000       497         0    0.0%
  694  1000       623         0    0.0%
  793  1000       556         0    0.0%
  892  1000       707         0    0.0%
  991  1000       460         0    0.0%
 1000     2       647         0    0.0%
 1000   101       621         0    0.0%
 1000   200       659         0    0.0%
 1000   299       535         0    0.0%
 1000   398       653         0    0.0%
 1000   497       597         0    0.0%
 1000   596       732         0    0.0%
 1000   695       621         0    0.0%
 1000   794       456         0    0.0%
 1000   893       588         0    0.0%
 1000   992       679         0    0.0%

Quality and confidence:
param     error
u         0.068
e         0.068

Model:
Time ~=    696.2
    + u        0
    + e        0
              µs

