Pallet: "balances", Extrinsic: "transfer", Lowest values: [], Highest values: [], Steps: [], Repeat: 1
u,e,extrinsic_time,storage_root_time,db_reads,db_writes
1,1000,697000,172000,27,27724
100,1000,450000,151000,25,13875
199,1000,465000,149000,25,13875
298,1000,447000,163000,25,13878
397,1000,433000,148000,25,13876
496,1000,468000,159000,25,13878
595,1000,435000,143000,25,13873
694,1000,446000,183000,25,13875
793,1000,623000,127000,25,13875
892,1000,640000,119000,25,13873
991,1000,569000,126000,25,13875
1000,2,626000,126000,25,13875
1000,101,692000,129000,25,13875
1000,200,601000,131000,25,13875
1000,299,632000,125000,25,13875
1000,398,646000,134000,25,13875
1000,497,548000,160000,25,13875
1000,596,635000,127000,25,13875
1000,695,636000,124000,25,13875
1000,794,623000,126000,25,13875
1000,893,593000,132000,25,13875
1000,992,686000,134000,25,13875

Median Slopes Analysis
========

Model:
Time ~=      450
    + u    0.043
    + e        0
              µs

Min Squares Analysis
========

Data points distribution:
    u     e   mean µs  sigma µs       %
    1  1000       697         0    0.0%
  100  1000       450         0    0.0%
  199  1000       465         0    0.0%
  298  1000       447         0    0.0%
  397  1000       433         0    0.0%
  496  1000       468         0    0.0%
  595  1000       435         0    0.0%
  694  1000       446         0    0.0%
  793  1000       623         0    0.0%
  892  1000       640         0    0.0%
  991  1000       569         0    0.0%
 1000     2       626         0    0.0%
 1000   101       692         0    0.0%
 1000   200       601         0    0.0%
 1000   299       632         0    0.0%
 1000   398       646         0    0.0%
 1000   497       548         0    0.0%
 1000   596       635         0    0.0%
 1000   695       636         0    0.0%
 1000   794       623         0    0.0%
 1000   893       593         0    0.0%
 1000   992       686         0    0.0%

Quality and confidence:
param     error
u          0.06
e          0.06

Model:
Time ~=    533.7
    + u    0.115
    + e        0
              µs

